SM:2023-10-06T09:04:22.3333155Z
LM:2023-10-06T09:04:26.3315921Z
CT:image/jpeg
MA:604800
CL:49483
