SM:2023-10-06T08:56:06.4181338Z
LM:2023-10-06T08:56:06.5505007Z
CT:image/jpeg
MA:604800
CL:122631
