SM:2023-10-06T09:04:22.8911044Z
LM:2023-10-06T09:04:24.1330106Z
CT:image/jpeg
MA:604800
CL:26376
