SM:2023-10-06T09:04:22.5171713Z
LM:2023-10-06T09:04:26.2228177Z
CT:image/jpeg
MA:604800
CL:32109
