SM:2023-10-06T09:04:22.4131419Z
LM:2023-10-06T09:04:26.5681563Z
CT:image/jpeg
MA:604800
CL:45849
