SM:2023-10-06T09:04:22.6762104Z
LM:2023-10-06T09:04:26.0446279Z
CT:image/jpeg
MA:604800
CL:49978
