SM:2023-10-06T09:04:22.7200592Z
LM:2023-10-06T09:04:25.4592265Z
CT:image/jpeg
MA:604800
CL:36747
