SM:2023-10-06T09:04:22.7002252Z
LM:2023-10-06T09:04:25.8477022Z
CT:image/jpeg
MA:604800
CL:50085
