SM:2023-10-06T09:04:22.8302626Z
LM:2023-10-06T09:04:23.6919715Z
CT:image/jpeg
MA:604800
CL:57629
