SM:2023-10-06T09:04:22.4932607Z
LM:2023-10-06T09:04:25.9465587Z
CT:image/jpeg
MA:604800
CL:21179
