SM:2023-10-06T09:04:22.7671380Z
LM:2023-10-06T09:04:24.1514993Z
CT:image/jpeg
MA:604800
CL:28987
