SM:2023-10-06T09:04:22.4339457Z
LM:2023-10-06T09:04:26.2763919Z
CT:image/jpeg
MA:604800
CL:39325
