SM:2023-10-06T09:04:22.4734502Z
LM:2023-10-06T09:04:26.3824416Z
CT:image/jpeg
MA:604800
CL:25605
