SM:2023-10-06T09:04:22.5581348Z
LM:2023-10-06T09:04:26.3021985Z
CT:image/jpeg
MA:604800
CL:55762
