SM:2023-10-06T08:43:43.2152448Z
LM:2023-10-06T08:43:43.5314893Z
CT:image/jpeg
MA:604800
CL:22992
