SM:2023-10-06T09:04:22.8519745Z
LM:2023-10-06T09:04:24.3170262Z
CT:image/jpeg
MA:604800
CL:87669
