SM:2023-10-06T09:04:22.3861787Z
LM:2023-10-06T09:04:26.5894775Z
CT:image/jpeg
MA:604800
CL:23040
