SM:2023-10-06T09:04:22.9725099Z
LM:2023-10-06T09:04:23.5167659Z
CT:image/jpeg
MA:604800
CL:33204
