SM:2023-10-06T09:04:22.6491669Z
LM:2023-10-06T09:04:25.7752570Z
CT:image/jpeg
MA:604800
CL:31584
