SM:2023-10-06T09:04:22.8139372Z
LM:2023-10-06T09:04:24.2205485Z
CT:image/jpeg
MA:604800
CL:56517
