SM:2023-10-06T09:04:22.6234751Z
LM:2023-10-06T09:04:25.6061331Z
CT:image/jpeg
MA:604800
CL:27301
