SM:2023-10-06T09:04:22.5999801Z
LM:2023-10-06T09:04:25.7713678Z
CT:image/jpeg
MA:604800
CL:36614
