SM:2023-10-06T09:04:22.7432772Z
LM:2023-10-06T09:04:24.2174502Z
CT:image/jpeg
MA:604800
CL:59741
