SM:2023-10-06T09:04:22.3629078Z
LM:2023-10-06T09:04:26.5449451Z
CT:image/jpeg
MA:604800
CL:24137
