SM:2023-10-06T09:04:22.8724797Z
LM:2023-10-06T09:04:24.2877643Z
CT:image/jpeg
MA:604800
CL:56126
