SM:2023-10-06T09:04:22.5803283Z
LM:2023-10-06T09:04:26.2225970Z
CT:image/jpeg
MA:604800
CL:49218
