SM:2023-10-06T09:04:22.7913773Z
LM:2023-10-06T09:04:24.0777321Z
CT:image/jpeg
MA:604800
CL:93601
