SM:2023-10-06T09:04:22.9529381Z
LM:2023-10-06T09:04:24.0191321Z
CT:image/jpeg
MA:604800
CL:43037
